0 0.473113 0.563405 0.268868 0.414820
0 0.576297 0.394683 0.149764 0.412671
2 0.162911 0.532847 0.318887 0.229927
2 0.777418 0.447993 0.225821 0.290146
2 0.903330 0.176095 0.132755 0.155109
2 0.798631 0.069343 0.090328 0.127737
2 0.520803 0.176095 0.229927 0.151460
2 0.125958 0.241788 0.187500 0.136861
2 0.081797 0.398723 0.163594 0.198905
2 0.717883 0.039234 0.084854 0.078467
2 0.933531 0.421533 0.132938 0.197080
2 0.320301 0.047445 0.083485 0.094890
2 0.865693 0.032847 0.106752 0.065693
2 0.907436 0.082117 0.099909 0.094891