0 0.446580 0.653040 0.109670 0.134172
0 0.500825 0.408805 0.071934 0.148847
0 0.530896 0.518868 0.084906 0.100629
1 0.460584 0.688869 0.021898 0.049270
1 0.458531 0.539234 0.020529 0.060219
1 0.518066 0.452555 0.019161 0.047445
1 0.329881 0.541971 0.028741 0.040146
1 0.440055 0.669708 0.016423 0.047445
2 0.082847 0.259124 0.079380 0.062044
2 0.080794 0.195255 0.072536 0.054745
2 0.201232 0.138686 0.042427 0.054745
2 0.081478 0.135036 0.054745 0.047445
2 0.294297 0.021898 0.031478 0.040146
2 0.888276 0.531022 0.086223 0.072993
2 0.919069 0.451642 0.076642 0.071168
2 0.942336 0.395985 0.071168 0.065693