0 0.488443 0.571279 0.040094 0.046122
0 0.488443 0.532495 0.054245 0.035639
2 0.405155 0.565693 0.034215 0.047445
2 0.243659 0.789234 0.056113 0.049270
2 0.261451 0.576642 0.031478 0.029197
2 0.271031 0.642336 0.039690 0.040146
2 0.299088 0.543796 0.043796 0.040146
2 0.227920 0.521898 0.030109 0.054745
2 0.330566 0.624088 0.038321 0.047445
2 0.457847 0.635949 0.054745 0.067518
2 0.847217 0.459854 0.042427 0.036496
2 0.863641 0.434307 0.039690 0.025547
2 0.867062 0.408759 0.046533 0.032847
2 0.939599 0.513686 0.035584 0.034672
2 0.947126 0.459854 0.031478 0.021898
2 0.936861 0.488139 0.035584 0.031022
2 0.702144 0.476277 0.050639 0.051095
2 0.636451 0.458942 0.028741 0.038321
2 0.689827 0.323905 0.031478 0.034672
2 0.707619 0.280109 0.023266 0.027372
2 0.731569 0.379562 0.030109 0.025547
2 0.611131 0.531022 0.030109 0.043796
2 0.594708 0.471715 0.052007 0.071168
2 0.543385 0.516423 0.039690 0.040146
2 0.493431 0.654197 0.084854 0.100365
2 0.526277 0.580292 0.032847 0.036496
2 0.289507 0.437044 0.024635 0.038321
2 0.132117 0.395073 0.030109 0.020073
2 0.123221 0.410584 0.031478 0.025547
2 0.320985 0.388686 0.035584 0.036496
2 0.484535 0.465328 0.039690 0.029197
2 0.447582 0.513686 0.039690 0.031022
2 0.345620 0.219891 0.021898 0.023723
2 0.368203 0.214416 0.026004 0.023723