0 0.620519 0.663500 0.073113 0.086755
0 0.556840 0.659051 0.063679 0.104551
2 0.235447 0.809307 0.203923 0.151460
2 0.325776 0.445255 0.026004 0.076642
2 0.368887 0.442518 0.032847 0.063869
2 0.358622 0.365876 0.031478 0.071168
2 0.323723 0.343066 0.032847 0.072993
2 0.352464 0.280109 0.030109 0.063869
2 0.318248 0.270073 0.035584 0.062044
2 0.348358 0.204380 0.035584 0.062044
2 0.311405 0.182482 0.027372 0.054745
2 0.340830 0.141423 0.034215 0.056569
2 0.303878 0.089416 0.026004 0.040146
2 0.337409 0.068431 0.027372 0.049270
2 0.303193 0.024635 0.019161 0.049270
2 0.331934 0.021898 0.032847 0.043796