0 0.535613 0.629144 0.051887 0.129144
0 0.587500 0.670337 0.084906 0.073479
2 0.307984 0.435219 0.036953 0.067518
2 0.301825 0.322080 0.027372 0.071168
2 0.345620 0.352190 0.035584 0.080292
2 0.353148 0.430657 0.036953 0.080292
2 0.336724 0.258212 0.028741 0.085766
2 0.299088 0.234489 0.032847 0.074818
2 0.331250 0.179745 0.034215 0.071168
2 0.324407 0.100365 0.031478 0.065693
2 0.292245 0.144161 0.027372 0.065693
2 0.281296 0.051095 0.027372 0.062044
2 0.317564 0.024635 0.023266 0.049270
2 0.838321 0.725365 0.065693 0.071168
2 0.169754 0.837591 0.225821 0.175182