0 0.495519 0.706250 0.084906 0.104167
2 0.602235 0.798358 0.102646 0.096715
2 0.298403 0.946168 0.171077 0.107664
2 0.157436 0.950730 0.149179 0.098540
2 0.815739 0.939781 0.162865 0.120438
2 0.904015 0.962591 0.134124 0.074818
2 0.969799 0.762774 0.060401 0.120438
2 0.751414 0.642336 0.069799 0.043796
2 0.815055 0.608577 0.046533 0.038321
2 0.896487 0.603102 0.121807 0.071168
2 0.973130 0.655109 0.045164 0.036496
2 0.975867 0.626825 0.034215 0.020073
2 0.624133 0.643248 0.045164 0.041971
2 0.563230 0.617701 0.046533 0.049270
2 0.154015 0.704380 0.062956 0.069343
2 0.158805 0.615876 0.045164 0.031022