0 0.530307 0.731754 0.107311 0.196528
0 0.658844 0.750295 0.199292 0.200236
0 0.602830 0.563037 0.077830 0.177987
0 0.550354 0.513905 0.079009 0.157593
0 0.470755 0.591775 0.162736 0.179841
0 0.469575 0.457357 0.075472 0.133491
0 0.382901 0.376707 0.083726 0.157593
0 0.654717 0.487022 0.125000 0.177987
0 0.450118 0.240435 0.248821 0.278105
0 0.329835 0.048542 0.090802 0.061183
0 0.714859 0.938185 0.176887 0.123630
1 0.151962 0.326642 0.031478 0.072993
1 0.792473 0.654197 0.020529 0.096715
1 0.816423 0.625912 0.030109 0.102190
1 0.772628 0.625000 0.024635 0.093066
1 0.748677 0.601277 0.023266 0.078467
1 0.454425 0.935219 0.045164 0.111314
1 0.500958 0.917883 0.045164 0.105839
1 0.628923 0.354927 0.032847 0.078467
1 0.651505 0.359489 0.023266 0.058394
1 0.313458 0.412409 0.036953 0.098540
2 0.067792 0.317518 0.082117 0.135036