0 0.453656 0.466457 0.050708 0.121593
2 0.307984 0.927007 0.058850 0.145985
2 0.214234 0.834854 0.082117 0.177007
2 0.220392 0.614051 0.058850 0.118613
2 0.355201 0.541058 0.065693 0.063869
2 0.291560 0.434307 0.039690 0.091241
2 0.260766 0.415146 0.035584 0.071168
2 0.091743 0.471715 0.086223 0.052920
2 0.279243 0.304745 0.028741 0.072993
2 0.310721 0.308394 0.039690 0.065693
2 0.320985 0.221715 0.027372 0.049270
2 0.330566 0.159672 0.027372 0.038321
2 0.303878 0.174270 0.028741 0.052920
2 0.566651 0.415146 0.050639 0.056569
2 0.493431 0.601277 0.079380 0.071168
2 0.558440 0.528285 0.110858 0.078467
2 0.561861 0.482664 0.073905 0.041971
2 0.590602 0.600365 0.065693 0.065693
2 0.669297 0.583029 0.080748 0.060219
2 0.695985 0.512774 0.084854 0.072993
2 0.752099 0.557482 0.073905 0.056569
2 0.827372 0.532847 0.068431 0.072993
2 0.847901 0.603102 0.087591 0.056569
2 0.960903 0.560219 0.078193 0.087591
2 0.850639 0.172445 0.060219 0.045620
2 0.935584 0.877737 0.128832 0.145985
2 0.253923 0.944343 0.052007 0.111314