0 0.582193 0.468553 0.053066 0.104822
1 0.652874 0.909672 0.023266 0.056569
2 0.356569 0.827555 0.062956 0.136861
2 0.401049 0.849453 0.058850 0.140511
2 0.472217 0.769161 0.072536 0.133212
2 0.528330 0.604015 0.083485 0.072993
2 0.488641 0.495438 0.072536 0.074818
2 0.227920 0.502737 0.076642 0.067518
2 0.264188 0.363139 0.075274 0.058394
2 0.055474 0.281022 0.060219 0.051095
2 0.398996 0.365876 0.046533 0.085766
2 0.724726 0.698905 0.104015 0.102190
2 0.902646 0.655109 0.087591 0.072993
2 0.893750 0.593066 0.083485 0.069343
2 0.786998 0.564781 0.078011 0.056569
2 0.669297 0.614964 0.086223 0.065693
2 0.682984 0.541058 0.119069 0.082117
2 0.687089 0.496350 0.067062 0.047445
2 0.707619 0.441606 0.061588 0.076642
2 0.454425 0.237226 0.075274 0.175182
2 0.495484 0.114051 0.056113 0.100365
2 0.519434 0.037409 0.024635 0.038321