0 0.384670 0.396226 0.047170 0.052411
0 0.399410 0.366876 0.036557 0.052411
2 0.375730 0.740876 0.027372 0.051095
2 0.342199 0.951642 0.031478 0.052920
2 0.542701 0.977190 0.049270 0.045620
2 0.538595 0.818431 0.027372 0.060219
2 0.585128 0.806569 0.041058 0.127737
2 0.586496 0.899635 0.035584 0.051095
2 0.542701 0.698905 0.024635 0.058394
2 0.534489 0.583942 0.024635 0.047445
2 0.540648 0.524635 0.023266 0.041971
2 0.537226 0.481752 0.019161 0.040146
2 0.565967 0.450730 0.027372 0.062044
2 0.409261 0.477190 0.017792 0.038321
2 0.429106 0.309307 0.035584 0.104015
2 0.441423 0.202555 0.035584 0.087591
2 0.450319 0.137774 0.028741 0.031022
2 0.455794 0.074818 0.017792 0.065693
2 0.460584 0.034672 0.013686 0.029197
2 0.537226 0.420620 0.019161 0.045620
2 0.563230 0.406022 0.021898 0.034672
2 0.558440 0.368613 0.015055 0.032847
2 0.534489 0.375000 0.021898 0.038321
2 0.532436 0.330292 0.015055 0.029197
2 0.555703 0.316606 0.017792 0.038321
2 0.555018 0.264599 0.013686 0.032847
2 0.537911 0.296533 0.026004 0.027372
2 0.533805 0.263686 0.017792 0.027372
2 0.531752 0.229927 0.016423 0.040146
2 0.552965 0.225365 0.020529 0.027372
2 0.529015 0.180657 0.019161 0.029197
2 0.550912 0.190693 0.016423 0.034672
2 0.528330 0.128650 0.020529 0.027372
2 0.548175 0.125000 0.021898 0.096715
2 0.544069 0.031934 0.027372 0.020073
2 0.527646 0.093066 0.016423 0.032847
2 0.526962 0.060219 0.020529 0.032847