0 0.535173 0.658174 0.086223 0.165404
1 0.536542 0.548358 0.023266 0.056569
1 0.431843 0.377737 0.021898 0.058394
1 0.446898 0.369526 0.021898 0.060219
1 0.540648 0.618613 0.023266 0.043796
1 0.570757 0.612226 0.015055 0.052920
1 0.580338 0.624088 0.023266 0.047445
1 0.933440 0.587591 0.001369 0.000000
2 0.393522 0.415146 0.065693 0.114964
2 0.515328 0.281022 0.082117 0.113139
2 0.552281 0.161496 0.065693 0.169708
2 0.520119 0.076642 0.050639 0.087591
2 0.483850 0.160584 0.038321 0.083942
2 0.165648 0.100365 0.058850 0.058394
2 0.182071 0.073905 0.047901 0.049270
2 0.082847 0.099453 0.065693 0.056569
2 0.057847 0.172445 0.115693 0.144161
2 0.027053 0.273723 0.054106 0.065693
2 0.046578 0.400547 0.083485 0.093066