0 0.497565 0.693040 0.095779 0.103582
2 0.461268 0.489051 0.078011 0.076642
2 0.370255 0.495438 0.084854 0.074818
2 0.301141 0.720803 0.097172 0.120438
2 0.200547 0.741788 0.128650 0.144161
2 0.087637 0.596715 0.097172 0.102190
2 0.776049 0.634124 0.097172 0.100365
2 0.904015 0.640511 0.090328 0.091241
2 0.748677 0.880474 0.283303 0.239051
2 0.368203 0.363139 0.058850 0.043796
2 0.329197 0.351277 0.057482 0.067518
2 0.274453 0.329380 0.049270 0.056569
2 0.203285 0.276460 0.041058 0.049270
2 0.169754 0.281934 0.053376 0.041971
2 0.043841 0.212591 0.045164 0.063869
2 0.060265 0.302007 0.042427 0.052920
2 0.024681 0.321168 0.047901 0.062044