0 0.242289 0.487013 0.120942 0.161616
0 0.418841 0.362226 0.127281 0.118613
1 0.284033 0.238139 0.021898 0.060219
2 0.797263 0.477190 0.101277 0.129562
2 0.611816 0.349453 0.086223 0.129562
2 0.637135 0.299270 0.071168 0.098540
2 0.708987 0.265511 0.086223 0.082117
2 0.801369 0.331204 0.068431 0.096715
2 0.904015 0.327555 0.090328 0.114964
2 0.951916 0.288321 0.068431 0.069343
2 0.151962 0.770073 0.110858 0.262774
2 0.149224 0.597628 0.072536 0.140511
2 0.156752 0.399635 0.112226 0.080292
2 0.294297 0.395985 0.105383 0.109489
2 0.134854 0.366788 0.087591 0.058394
2 0.053422 0.405109 0.053376 0.076642
2 0.398312 0.240876 0.036953 0.069343
2 0.372308 0.191606 0.058850 0.054745
2 0.406524 0.114964 0.028741 0.058394
2 0.487272 0.083942 0.026004 0.069343
2 0.548860 0.146898 0.056113 0.093066
2 0.626870 0.177920 0.102646 0.100365
2 0.362728 0.086679 0.020529 0.031022
2 0.352464 0.067518 0.027372 0.021898