0 0.634670 0.784777 0.132075 0.161725
2 0.316195 0.786496 0.097172 0.109489
2 0.368203 0.699818 0.160128 0.220803
2 0.172491 0.726277 0.088960 0.138686
2 0.120484 0.579380 0.080748 0.096715
2 0.123905 0.500912 0.060219 0.071168
2 0.166332 0.944343 0.128650 0.111314
2 0.031524 0.416058 0.061588 0.065693
2 0.258714 0.320255 0.056113 0.074818
2 0.159489 0.309307 0.049270 0.038321
2 0.158120 0.230839 0.032847 0.031022
2 0.104060 0.228102 0.034215 0.036496
2 0.326460 0.324818 0.095803 0.098540
2 0.461953 0.465328 0.049270 0.058394
2 0.574179 0.420620 0.068431 0.071168
2 0.508485 0.549270 0.065693 0.054745
2 0.633029 0.473540 0.057482 0.052920
2 0.730201 0.689781 0.073905 0.087591
2 0.816423 0.584854 0.068431 0.093066
2 0.911542 0.633212 0.078011 0.080292
2 0.775365 0.604015 0.082117 0.072993
2 0.759626 0.610401 0.348996 0.268248