0 0.700107 0.659978 0.076673 0.085154
2 0.656296 0.950730 0.076642 0.098540
2 0.520119 0.861314 0.045164 0.124088
2 0.465374 0.888686 0.064325 0.131387
2 0.367518 0.844891 0.049270 0.098540
2 0.255292 0.768248 0.073905 0.120438
2 0.344936 0.552920 0.031478 0.058394
2 0.507117 0.632299 0.032847 0.056569
2 0.505064 0.498175 0.020529 0.047445
2 0.520803 0.473540 0.019161 0.031022
2 0.475639 0.483577 0.021898 0.043796
2 0.499589 0.446168 0.017792 0.020073
2 0.249133 0.495438 0.028741 0.031022
2 0.376414 0.432482 0.031478 0.051095
2 0.442108 0.401460 0.012318 0.040146
2 0.458531 0.406934 0.017792 0.043796
2 0.498221 0.398723 0.020529 0.027372
2 0.658349 0.493613 0.036953 0.031022
2 0.709672 0.498175 0.032847 0.021898
2 0.597445 0.458029 0.035584 0.029197
2 0.652874 0.459854 0.034215 0.032847
2 0.698038 0.469891 0.047901 0.023723
2 0.737728 0.499088 0.050639 0.023723
2 0.752783 0.479927 0.050639 0.029197
2 0.794526 0.510036 0.041058 0.031022
2 0.815055 0.485401 0.052007 0.036496
2 0.867062 0.517336 0.043796 0.045620
2 0.936861 0.523723 0.046533 0.029197
2 0.516013 0.423358 0.015055 0.018248
2 0.278558 0.438869 0.024635 0.016423
2 0.238184 0.460766 0.023266 0.023723
2 0.261451 0.454380 0.026004 0.018248
2 0.182755 0.462591 0.027372 0.020073
2 0.181387 0.427920 0.027372 0.016423
2 0.203285 0.453467 0.019161 0.020073