0 0.731958 0.731656 0.097877 0.123690
2 0.370255 0.745438 0.046533 0.085766
2 0.300456 0.552007 0.049270 0.093066
2 0.242974 0.587591 0.032847 0.054745
2 0.461268 0.654197 0.026004 0.078467
2 0.510538 0.654197 0.039690 0.071168
2 0.607026 0.791058 0.054745 0.107664
2 0.494115 0.529197 0.028741 0.032847
2 0.216971 0.507299 0.032847 0.032847
2 0.579653 0.471715 0.046533 0.034672
2 0.665876 0.523723 0.041058 0.029197
2 0.661086 0.494526 0.042427 0.029197
2 0.711040 0.476277 0.043796 0.021898
2 0.732938 0.522810 0.049270 0.034672
2 0.781524 0.500912 0.047901 0.023723
2 0.821898 0.534672 0.052007 0.021898
2 0.848586 0.510036 0.056113 0.031022
2 0.906752 0.538321 0.052007 0.029197
2 0.975958 0.541971 0.048084 0.036496
2 0.255976 0.452555 0.031478 0.025547
2 0.433212 0.418796 0.024635 0.038321
2 0.495484 0.441606 0.017792 0.029197
2 0.515328 0.430657 0.013686 0.025547
2 0.475639 0.431569 0.010949 0.020073
2 0.476323 0.394161 0.012318 0.025547
2 0.508485 0.388686 0.010949 0.018248
2 0.442792 0.374088 0.021898 0.029197
2 0.209443 0.473540 0.026004 0.023723
2 0.134170 0.479015 0.036953 0.041971
2 0.117746 0.445255 0.050639 0.032847
2 0.175912 0.449818 0.024635 0.016423
2 0.184124 0.472628 0.024635 0.029197