0 0.441052 0.564990 0.077386 0.125786
0 0.496109 0.352201 0.064858 0.132075
1 0.477007 0.431569 0.021898 0.049270
1 0.441423 0.570255 0.010949 0.045620
1 0.452372 0.574818 0.013686 0.043796
2 0.936177 0.465328 0.086223 0.058394
2 0.897856 0.386861 0.067062 0.062044
2 0.917016 0.343066 0.061588 0.051095
2 0.178650 0.161496 0.057482 0.071168
2 0.110903 0.156934 0.061588 0.054745
2 0.102007 0.098540 0.071168 0.047445
2 0.251186 0.048358 0.030109 0.056569
2 0.334672 0.490876 0.073905 0.091241
2 0.561861 0.442518 0.098540 0.074818