0 0.526179 0.775435 0.063679 0.055815
0 0.512618 0.711127 0.036557 0.087363
2 0.653558 0.693431 0.046533 0.069343
2 0.687089 0.728102 0.047901 0.058394
2 0.525593 0.638686 0.042427 0.069343
2 0.342883 0.740876 0.027372 0.080292
2 0.364097 0.677920 0.034215 0.056569
2 0.329881 0.668796 0.034215 0.060219
2 0.349726 0.621350 0.030109 0.052920
2 0.312089 0.583029 0.028741 0.056569
2 0.329197 0.553832 0.030109 0.052920
2 0.297719 0.521898 0.035584 0.054745
2 0.314827 0.480839 0.028741 0.045620
2 0.298403 0.439781 0.028741 0.051095
2 0.292245 0.399635 0.027372 0.043796
2 0.284033 0.356752 0.030109 0.041971
2 0.275821 0.316606 0.019161 0.041971
2 0.212865 0.085766 0.021898 0.047445
2 0.236131 0.170620 0.013686 0.020073
2 0.245027 0.211679 0.015055 0.029197
2 0.261451 0.264599 0.020529 0.029197
2 0.212181 0.146898 0.012318 0.027372
2 0.255292 0.323905 0.019161 0.034672
2 0.240237 0.262774 0.019161 0.036496
2 0.223814 0.200730 0.019161 0.032847
2 0.248449 0.037409 0.032847 0.041971