0 0.502005 0.775762 0.069575 0.053217
0 0.486675 0.714078 0.045991 0.094340
2 0.615237 0.689781 0.049270 0.054745
2 0.650137 0.708029 0.056113 0.076642
2 0.453741 0.606752 0.052007 0.063869
2 0.310037 0.762774 0.032847 0.062044
2 0.329197 0.698905 0.030109 0.058394
2 0.288823 0.689781 0.042427 0.069343
2 0.313458 0.641423 0.026004 0.049270
2 0.270347 0.594891 0.027372 0.054745
2 0.291560 0.571168 0.028741 0.051095
2 0.249133 0.531934 0.017792 0.045620
2 0.268978 0.488139 0.030109 0.041971
2 0.255292 0.448905 0.024635 0.040146
2 0.242974 0.409672 0.027372 0.049270
2 0.231341 0.368613 0.026004 0.029197
2 0.220392 0.331204 0.020529 0.031022
2 0.215602 0.301095 0.021898 0.021898
2 0.199179 0.259124 0.016423 0.025547
2 0.190283 0.236314 0.017792 0.034672
2 0.178650 0.181569 0.019161 0.031022
2 0.170438 0.150547 0.021898 0.027372
2 0.150593 0.100365 0.023266 0.076642
2 0.182755 0.042883 0.030109 0.045620
2 0.154699 0.168796 0.015055 0.020073
2 0.214918 0.379562 0.020529 0.032847
2 0.171122 0.227190 0.020529 0.027372