0 0.144693 0.446266 0.055425 0.112353
0 0.192453 0.436496 0.058962 0.083043
0 0.366981 0.502442 0.096698 0.117238
0 0.674764 0.408408 0.073113 0.114795
0 0.494340 0.316816 0.120283 0.097698
0 0.381132 0.392532 0.363208 0.180741
0 0.863443 0.414514 0.209906 0.166087
0 0.780896 0.399860 0.047170 0.146547
1 0.986223 0.487226 0.027554 0.054745
1 0.624133 0.425182 0.023266 0.065693
2 0.706934 0.675182 0.150547 0.124088
2 0.066423 0.610401 0.114964 0.096715
2 0.272400 0.132299 0.310675 0.155109
2 0.519434 0.128650 0.076642 0.074818
2 0.605657 0.168796 0.062956 0.056569
2 0.874589 0.156934 0.088960 0.047445
2 0.882117 0.216241 0.079380 0.060219