0 0.434198 0.536284 0.113208 0.241896
0 0.483726 0.194001 0.122642 0.152395
0 0.785024 0.642719 0.152123 0.183841
0 0.657075 0.773343 0.143868 0.106434
0 0.708962 0.827770 0.134434 0.152395
0 0.568042 0.375423 0.107311 0.128205
0 0.658255 0.256894 0.141509 0.278181
0 0.656486 0.538703 0.119104 0.382196
1 0.547491 0.563869 0.036953 0.138686
1 0.351779 0.596715 0.026004 0.120438
1 0.539964 0.471715 0.024635 0.067518
1 0.555018 0.487226 0.027372 0.058394
1 0.554334 0.371350 0.026004 0.074818
1 0.792473 0.089416 0.017792 0.080292
1 0.771943 0.089416 0.020529 0.076642
1 0.710356 0.098540 0.026004 0.083942
1 0.639872 0.063869 0.024635 0.072993
1 0.623449 0.054745 0.024635 0.076642
1 0.738412 0.060219 0.021898 0.091241
2 0.919069 0.284672 0.076642 0.135036
2 0.960903 0.453467 0.078193 0.151460
2 0.971852 0.861314 0.056296 0.200730
2 0.096533 0.774635 0.101277 0.169708
2 0.167701 0.497263 0.095803 0.206204
2 0.041104 0.312956 0.064325 0.125912
2 0.140328 0.253650 0.076642 0.149635
2 0.232710 0.283759 0.078011 0.144161
2 0.255976 0.170620 0.069799 0.096715
2 0.182071 0.125912 0.061588 0.094891
2 0.102692 0.089416 0.061588 0.109489
2 0.206706 0.036496 0.056113 0.072992
2 0.687089 0.068431 0.047901 0.078467