0 0.289741 0.544025 0.093160 0.117400
0 0.490212 0.117400 0.043632 0.085954
1 0.398312 0.694343 0.020529 0.056569
1 0.363412 0.680657 0.019161 0.043796
1 0.349042 0.680657 0.020529 0.051095
1 0.528330 0.133212 0.017792 0.040146
1 0.556387 0.114051 0.013686 0.045620
1 0.544754 0.115876 0.017792 0.038321
2 0.364097 0.850365 0.088960 0.299270
2 0.572810 0.153285 0.057482 0.054745
2 0.663823 0.101277 0.026004 0.063869
2 0.581706 0.081204 0.036953 0.052920
2 0.585128 0.032847 0.043796 0.047445
2 0.344252 0.094891 0.046533 0.047445
2 0.481797 0.030109 0.108120 0.060218