0 0.469575 0.483229 0.068396 0.188679
1 0.540648 0.462591 0.023266 0.056569
1 0.563230 0.478102 0.019161 0.054745
1 0.550912 0.394161 0.016423 0.058394
2 0.609763 0.577555 0.082117 0.122263
2 0.613869 0.374088 0.057482 0.098540
2 0.467427 0.246350 0.169708 0.124088
2 0.555018 0.139599 0.101277 0.242701
2 0.497537 0.135036 0.032847 0.080292
2 0.499589 0.081204 0.036953 0.038321
2 0.468796 0.037409 0.030109 0.049270
2 0.414735 0.017336 0.034215 0.034672
2 0.401049 0.166058 0.039690 0.058394
2 0.399681 0.072080 0.031478 0.056569
2 0.437318 0.094891 0.021898 0.058394
2 0.440055 0.040146 0.016423 0.054745
2 0.240237 0.401460 0.073905 0.065693
2 0.969799 0.383212 0.060401 0.083942