0 0.457783 0.687631 0.080189 0.203354
1 0.555018 0.541058 0.016423 0.063869
1 0.542016 0.690693 0.012318 0.056569
1 0.563230 0.701642 0.021898 0.063869
2 0.620027 0.862226 0.102646 0.191606
2 0.634398 0.560219 0.065693 0.131387
2 0.460584 0.362226 0.191606 0.144161
2 0.177965 0.578467 0.083485 0.102190
2 0.065739 0.572080 0.067062 0.063869
2 0.386679 0.264599 0.041058 0.094891
2 0.389416 0.148723 0.030109 0.052920
2 0.424316 0.166058 0.031478 0.058394
2 0.401734 0.077555 0.035584 0.071168
2 0.425000 0.027372 0.041058 0.054744
2 0.493431 0.070255 0.035584 0.052920
2 0.468111 0.102190 0.036953 0.065693
2 0.491378 0.223540 0.031478 0.074818
2 0.503695 0.157847 0.031478 0.052920
2 0.569389 0.253650 0.116332 0.262774
2 0.539279 0.078467 0.026004 0.058394
2 0.433896 0.101277 0.028741 0.060219