0 0.382311 0.755765 0.089623 0.176101
0 0.601651 0.297694 0.061321 0.077568
1 0.561861 0.337591 0.010949 0.051095
1 0.540648 0.325730 0.015055 0.045620
1 0.180703 0.854927 0.031478 0.082117
2 0.138960 0.879562 0.084854 0.182482
2 0.273084 0.625000 0.057482 0.125912
2 0.246396 0.281022 0.053376 0.062044
2 0.379836 0.039234 0.049270 0.071168
2 0.207391 0.088504 0.046533 0.034672
2 0.109535 0.079380 0.042427 0.023723
2 0.173175 0.024635 0.046533 0.038321
2 0.109535 0.126825 0.039690 0.020073
2 0.046578 0.183394 0.050639 0.027372
2 0.904015 0.322993 0.068431 0.051095
2 0.891013 0.283759 0.053376 0.034672
2 0.934124 0.135036 0.052007 0.032847
2 0.904015 0.093066 0.035584 0.018248
2 0.895119 0.071168 0.036953 0.029197
2 0.817108 0.118613 0.058850 0.032847
2 0.980064 0.208942 0.039872 0.034672
2 0.962865 0.186131 0.060219 0.029197
2 0.741150 0.929745 0.117701 0.118613
2 0.919069 0.935219 0.131387 0.093066
2 0.539279 0.216241 0.058850 0.089416