0 0.612854 0.341719 0.062500 0.069182
0 0.358137 0.906709 0.128538 0.176101
1 0.556387 0.383212 0.010949 0.058394
1 0.538595 0.371350 0.010949 0.056569
2 0.227920 0.729927 0.071168 0.149635
2 0.160173 0.416971 0.072536 0.096715
2 0.345620 0.084854 0.035584 0.100365
2 0.180703 0.098540 0.047901 0.029197
2 0.077372 0.088504 0.054745 0.027372
2 0.100639 0.072993 0.049270 0.025547
2 0.148540 0.031934 0.052007 0.041971
2 0.078741 0.143248 0.049270 0.041971
2 0.537226 0.248175 0.062956 0.076642
2 0.934124 0.364051 0.073905 0.056569
2 0.913595 0.318431 0.065693 0.041971
2 0.956706 0.148723 0.064325 0.045620
2 0.908120 0.073905 0.043796 0.023723
2 0.927281 0.106752 0.049270 0.038321
2 0.831478 0.137774 0.049270 0.041971