0 0.885849 0.502096 0.110849 0.167715
1 0.878695 0.344891 0.020529 0.054745
1 0.910858 0.458942 0.016423 0.041971
1 0.871852 0.433394 0.017792 0.038321
1 0.895119 0.455292 0.017792 0.041971
2 0.561861 0.466241 0.112226 0.395985
2 0.320985 0.599453 0.136861 0.096715
2 0.152646 0.512774 0.109489 0.094891
2 0.107482 0.413321 0.106752 0.085766
2 0.206706 0.344891 0.121807 0.080292
2 0.103011 0.280109 0.206022 0.184307
2 0.347673 0.312956 0.086223 0.071168
2 0.451688 0.342153 0.086223 0.104015
2 0.530383 0.194343 0.076642 0.060219
2 0.719252 0.138686 0.071168 0.047445
2 0.743203 0.221715 0.075274 0.056569
2 0.865693 0.172445 0.095803 0.085766
2 0.866378 0.296533 0.099909 0.089416
2 0.959535 0.242701 0.080930 0.065693
2 0.952600 0.364051 0.086223 0.089416
2 0.034580 0.488139 0.069160 0.100365