0 0.403305 0.255236 0.185537 0.350785
0 0.446990 0.485602 0.310209 0.209424
2 0.659033 0.377737 0.333942 0.394161
1 0.661086 0.946168 0.034215 0.107664
1 0.674088 0.761861 0.049270 0.184307
1 0.701460 0.708942 0.046533 0.184307
1 0.728832 0.692518 0.030109 0.162409
1 0.565967 0.777372 0.032847 0.182482
1 0.531752 0.739051 0.054745 0.197080
1 0.489325 0.747263 0.027372 0.184307
1 0.422263 0.719891 0.041058 0.180657
1 0.764416 0.505474 0.035584 0.186131
1 0.845164 0.453467 0.038321 0.191606
1 0.589918 0.425182 0.061588 0.226277