0 0.528469 0.562827 0.064791 0.178010
0 0.484293 0.491129 0.086387 0.135543
1 0.585128 0.243613 0.013686 0.082117
0 0.482482 0.419708 0.095803 0.062044
2 0.676825 0.277372 0.114964 0.178832
2 0.574863 0.120438 0.113595 0.164234
2 0.840374 0.330292 0.105383 0.153285
2 0.920438 0.172445 0.090328 0.118613
2 0.843796 0.730839 0.166971 0.169708
2 0.602920 0.894161 0.150547 0.178832
2 0.331934 0.944343 0.114964 0.111314
2 0.060584 0.864964 0.121168 0.145985
2 0.096533 0.765511 0.128650 0.129562
2 0.156068 0.615876 0.105383 0.169708
2 0.185493 0.272810 0.087591 0.118613
2 0.233394 0.133212 0.101277 0.109489