0 0.445026 0.586387 0.192408 0.188482
2 0.127327 0.479927 0.157391 0.135036
2 0.246396 0.428832 0.130018 0.102190
2 0.459215 0.372263 0.079380 0.120438
2 0.487272 0.239964 0.110858 0.111314
2 0.919845 0.560219 0.160310 0.164234
2 0.692564 0.513686 0.094434 0.155109
2 0.587181 0.445255 0.069799 0.142336
2 0.787682 0.875000 0.249088 0.184307
2 0.884945 0.954380 0.230109 0.091240
1 0.759626 0.562044 0.026004 0.149635
1 0.338093 0.583029 0.034215 0.129562
1 0.428422 0.497263 0.023266 0.052920
1 0.538595 0.435219 0.027372 0.111314
1 0.520119 0.437956 0.015055 0.109489
1 0.788367 0.540146 0.026004 0.135036
2 0.434580 0.121350 0.068431 0.056569