0 0.154941 0.538613 0.046139 0.129581
1 0.333987 0.699818 0.023266 0.031022
1 0.399681 0.704380 0.017792 0.032847
1 0.451688 0.687044 0.015055 0.023723
1 0.179334 0.658759 0.026004 0.021898
1 0.160173 0.718066 0.023266 0.020073
1 0.236131 0.682482 0.013686 0.018248
1 0.252555 0.635949 0.010949 0.023723
1 0.247080 0.697993 0.024635 0.027372
1 0.206706 0.714416 0.020529 0.020073
1 0.177281 0.677920 0.016423 0.020073
1 0.706250 0.693431 0.023266 0.029197
1 0.739097 0.687956 0.020529 0.025547
1 0.648768 0.731752 0.017792 0.021898
1 0.602235 0.705292 0.017792 0.034672
2 0.571442 0.146898 0.060219 0.136861
2 0.627555 0.321168 0.054745 0.091241
2 0.785630 0.445255 0.080748 0.069343
2 0.884854 0.657847 0.073905 0.063869
2 0.794526 0.635949 0.079380 0.074818
2 0.633714 0.648723 0.069799 0.114964
2 0.568020 0.589416 0.067062 0.175182
2 0.961588 0.640511 0.076824 0.072993
1 0.676825 0.307482 0.013686 0.038321