0 0.476931 0.484948 0.077552 0.147906
0 0.523560 0.557592 0.049084 0.167539
2 0.680931 0.276460 0.104015 0.169708
2 0.836268 0.336679 0.099909 0.140511
2 0.917016 0.172445 0.086223 0.133212
2 0.573495 0.122263 0.108120 0.145985
2 0.229973 0.135949 0.099909 0.104015
2 0.190283 0.260036 0.088960 0.129562
2 0.146487 0.621350 0.088960 0.166058
2 0.090374 0.767336 0.113595 0.129562
2 0.054425 0.861314 0.108850 0.171533
2 0.329881 0.940693 0.140967 0.118613
2 0.602920 0.884124 0.150547 0.169708
2 0.853376 0.727190 0.158759 0.191606
2 0.732254 0.961679 0.138230 0.076642
1 0.586496 0.229015 0.016423 0.067518
1 0.522172 0.410584 0.016423 0.054745
1 0.558440 0.518248 0.020529 0.058394