0 0.625654 0.363874 0.119764 0.138743
0 0.717441 0.409686 0.128599 0.133508
0 0.769961 0.337042 0.174738 0.174084
1 0.618659 0.735401 0.034215 0.277372
1 0.936177 0.826642 0.056113 0.281022
2 0.190967 0.400547 0.208029 0.202555
2 0.137591 0.263686 0.057482 0.111314
2 0.501642 0.189781 0.095803 0.062044
2 0.544754 0.136861 0.050639 0.058394
2 0.595392 0.128650 0.061588 0.038321
2 0.643294 0.134124 0.056113 0.034672
2 0.756204 0.121350 0.068431 0.041971
2 0.804790 0.126825 0.042427 0.034672
2 0.869115 0.117701 0.050639 0.027372
2 0.676141 0.158759 0.058850 0.058394
1 0.370255 0.217153 0.030109 0.080292