0 0.434228 0.859948 0.253272 0.193717
0 0.570190 0.948953 0.199280 0.099476
2 0.271031 0.626825 0.083485 0.071168
2 0.095849 0.653285 0.078011 0.054745
2 0.097217 0.604927 0.102646 0.089416
2 0.973221 0.530109 0.053558 0.082117
2 0.695985 0.527372 0.060219 0.036496
2 0.533805 0.541971 0.056113 0.036496
2 0.527646 0.501825 0.049270 0.040146
2 0.639872 0.494526 0.043796 0.029197
2 0.607026 0.473540 0.032847 0.027372
2 0.459215 0.559307 0.062956 0.045620
2 0.301141 0.544708 0.045164 0.041971
1 0.660401 0.844891 0.032847 0.087591
1 0.602235 0.875912 0.034215 0.083942
1 0.633029 0.874088 0.019161 0.072993