0 0.420484 0.123037 0.051047 0.091623
0 0.372873 0.136780 0.067736 0.058901
2 0.732254 0.848540 0.401004 0.302920
2 0.414051 0.773723 0.563869 0.452554
2 0.294982 0.692518 0.372263 0.395985
2 0.096168 0.416971 0.192336 0.268248
2 0.188230 0.212591 0.104015 0.082117
2 0.037682 0.217153 0.071168 0.080292
2 0.633714 0.123175 0.094434 0.074818
2 0.790420 0.118613 0.087591 0.080292
2 0.907436 0.108577 0.050639 0.063869
2 0.758942 0.045620 0.046533 0.062044
2 0.804106 0.060219 0.046533 0.043796
2 0.482482 0.123175 0.079380 0.074818
2 0.525593 0.057482 0.039690 0.049270
2 0.466058 0.067518 0.052007 0.036496
2 0.305931 0.112226 0.043796 0.041971