0 0.559882 0.534686 0.278796 0.208115
0 0.708987 0.542883 0.116332 0.209854
2 0.952692 0.791971 0.094616 0.266423
2 0.302509 0.647810 0.201186 0.237226
2 0.066743 0.671533 0.133485 0.200730
2 0.182755 0.489051 0.093066 0.120438
2 0.066423 0.463504 0.120438 0.171533
2 0.317564 0.488139 0.097172 0.122263
2 0.310037 0.385949 0.060219 0.085766
2 0.390100 0.369526 0.067062 0.078467
2 0.455794 0.388686 0.067062 0.076642
2 0.502327 0.352190 0.045164 0.069343
2 0.460584 0.307482 0.035584 0.034672
2 0.437318 0.353102 0.035584 0.038321