0 0.414103 0.401178 0.460406 0.318063
1 0.118619 0.187173 0.063809 0.094241
1 0.105366 0.338351 0.066754 0.106021
1 0.150524 0.433901 0.060864 0.116492
1 0.210406 0.228403 0.047120 0.090314
1 0.282559 0.118455 0.065772 0.090314
1 0.360111 0.180628 0.057919 0.107330
1 0.408704 0.738874 0.064791 0.111257
1 0.694863 0.380890 0.065772 0.102094
1 0.840641 0.332461 0.064791 0.115183
1 0.778305 0.487565 0.050065 0.098168
2 0.791195 0.777372 0.417609 0.368613
2 0.702144 0.199818 0.455748 0.359489
2 0.204973 0.673358 0.409945 0.372263